=======
gradient boosted decision tree:
max_depth = 1
539,724,3341,5241,5920,6991,7239,8070,8150,9457,9688,9728,10483,10729,11120,12362,12444,12535,12728,13594,13933,14020,14211,14303,14694,14846,15002,15753,15944,15982,16298,17272,17967,18303,19120,20219,20671,21074,21335,21738,22273,24451,24559,25829,29579,29649,30594,31125,32235,32568,32626,33887,34197,34717,36256,36900,38149,39377,40326,40915,42089,42203,42891,44013,45865,46151,47077,50024,50508,50745,50798,52310,52685,52870,53436,53805,53938,54986,56143,56512,57991,58530,58591,59297,59883,60642,60668,61392,62891,63607,65260,65297,65451,67913,68373,68463,68797,70608,71068,71111,72183,72621,73771,74068,75356,76609,76634,76954,77536,77751,77809,79018,79563,80370,82669,84038,84887,85272

max_depth = 2
539,724,2829,5241,5920,8070,8150,9457,9688,9728,10483,10617,10729,11120,11182,12210,12362,12444,12728,13594,13933,14303,14694,15002,15462,15944,15982,16298,17272,17967,18303,19120,20219,20671,21074,21335,21738,22273,22544,24451,25420,25829,28709,29649,30594,31125,32235,32568,32626,33316,33887,34197,34717,36256,36900,37698,38149,38979,39377,40348,40915,42089,42203,42891,45865,47077,48839,50024,50410,50508,50745,50798,51862,52310,52685,52870,53436,53805,53938,54986,56512,56858,57991,58591,59297,59883,60642,60668,61392,62932,63306,63607,65297,65451,67913,68373,68463,68797,70608,71068,71111,72183,72621,73771,74068,75356,76609,76634,76954,77536,77561,77751,78038,79018,79563,80370,82669,83745,84038,84887,85272

max_depth = 3
724,3341,5920,6991,7239,8070,8150,9457,9688,9728,10483,10729,11120,12210,12362,12444,12728,13594,13933,14303,14694,15002,15462,15944,15982,16298,17272,17967,18303,19120,20219,20671,21074,21738,22273,22544,24451,25420,25829,29649,31125,32235,32568,32626,33887,34197,34717,36256,36900,37698,38149,38979,39377,40348,40915,42203,42891,45865,47077,50410,50508,50745,50798,51862,52685,52870,53436,53805,53938,54986,56143,56512,56858,57991,58591,60642,60668,61392,62932,63306,63607,65260,65297,65451,67913,68373,68463,68797,70608,71068,71111,72183,72621,73771,74068,75356,76634,76954,77561,77751,77809,78038,79018,79563,80370,82669,83745,84038,84887

max_depth = 4
539,5241,5531,8070,8150,9728,10617,11120,12444,12728,13594,14303,15270,15462,16067,16298,17272,18303,20219,20671,21335,22273,22544,23563,23694,24201,25829,28709,29649,31125,31326,32568,32626,33316,33887,34717,36256,36900,37698,38979,39377,40348,40803,42203,42556,42891,47077,48839,49468,50410,50745,52310,52685,52870,53436,54084,54986,55220,56143,56512,57991,59297,59883,61392,62823,62932,63306,63607,65297,65994,67913,68373,68463,68797,70608,70719,71068,71232,72621,74068,75044,75356,76634,76954,77561,77751,78038,79018,79052,79714,79793,82669,84038,84887,85272

max_depth = 5
539,1686,5241,5531,6991,7239,8070,8150,9457,9688,9728,10729,11120,11801,12210,12362,12444,12728,13594,13933,14694,14846,15270,15462,15944,16067,16298,17272,17967,18303,19120,20671,21074,21335,21738,22028,22273,22544,23563,23694,24257,24451,25420,26632,28709,29649,31125,31326,32568,34197,34717,36256,36900,37698,38149,38979,39377,40348,42203,42891,44018,46396,47077,48839,49468,49966,50410,50508,50745,51862,52216,52310,52685,52870,53436,53805,53938,55220,56143,56512,58591,60642,60668,61056,61392,62823,62932,63293,63306,63607,65280,65297,65994,67913,68373,68463,68797,70719,71068,71111,71232,72621,73771,74068,75356,76954,77536,77561,77751,78038,79018,79052,79563,79793,80370,82669,83453,83745,84038,84887,85272

max_depth = 6
539,1686,5241,6981,6991,7239,7713,7984,8070,8150,9453,9457,9688,9728,10483,10617,10729,11120,11490,12362,12444,12728,13594,13933,14211,14303,14694,14846,15002,15462,15944,15982,16067,16298,17272,17967,18303,19120,20219,20490,20671,21074,21335,21738,22025,22273,22453,22544,23563,23694,24201,24451,24800,25420,25829,26959,27153,28709,29649,31125,32235,32568,32626,33316,33887,34197,34717,36256,36900,37698,38149,38979,39377,40348,40803,42203,42891,45865,46150,47077,50410,50508,50745,51862,52310,52685,52870,53436,53638,53805,53938,54084,54986,55220,56143,56512,57991,58591,59003,59297,59883,60642,60668,61392,62823,62932,63306,63607,65297,65994,67913,68373,68463,68797,70608,71068,71111,71232,71689,72183,72621,73771,74068,74155,74174,75356,75695,76634,76954,77536,77561,77751,77809,78038,78915,79018,79052,79563,79714,79793,80370,82669,83745,84038,84887,85272,85311

max_depth = 7
55,117,539,5241,7239,7602,8070,8150,9457,9688,9728,10483,10617,10729,11120,12210,12362,12444,12728,13594,13933,14303,14694,14846,15002,15270,15462,15944,15982,16067,16298,17272,17967,18303,19120,20219,20671,21074,21300,21335,21738,22273,22453,22544,23563,23694,24201,24451,25420,25829,27954,29649,31125,31163,32235,32568,32626,33316,33887,34197,34717,36256,36900,37698,38149,38979,39377,40348,40455,40803,41501,42203,42556,42891,45865,47077,48839,50410,50508,50745,51862,52310,52685,52870,53436,53805,53938,54084,54986,55220,56143,56512,57991,58591,59297,59883,60057,60642,60668,61392,62823,62932,63306,63607,65297,65994,67913,68373,68463,68797,70608,70719,71068,71111,71232,72183,72621,73771,74068,74712,75356,76634,76954,77536,77561,77751,77809,78038,79018,79052,79563,79714,79793,80226,80370,82669,83745,84038,84887,85272

max_depth = 8
539,2419,2561,3006,5241,6335,6746,6991,7870,7984,8070,8150,8463,9453,9688,9728,10483,10617,10729,11120,11801,12210,12444,12728,13594,13933,14303,14466,14694,14846,15002,15270,15462,15863,15944,15982,16067,16298,17272,17967,18245,18303,19120,20219,20671,21074,21300,21335,21738,22028,22273,22453,22544,23409,23563,23694,24451,25302,25420,25531,25829,26776,26959,28709,29649,29745,29798,30482,31125,31548,32235,32568,33316,33887,34197,34717,36256,36900,37698,38149,38979,39377,40348,40803,41501,42203,42556,42891,44018,45865,46396,47077,50283,50410,50508,50745,51862,52216,52310,52685,52870,53436,53805,53938,54986,55220,56143,56512,56858,57991,58591,59297,59883,60642,60668,61056,61392,62699,62823,62932,63306,63607,63617,65297,65994,67128,67913,68373,68463,68797,69699,70608,71068,71111,71232,72621,72961,73771,74068,75356,75695,76634,76887,76954,77536,77561,77751,77809,78038,79018,79052,79563,79714,79793,80370,82236,82334,82669,83745,84038,84210,84887,85272

max_depth = 9
117,539,2419,5241,6335,6979,6991,7239,7602,7984,8070,8150,8463,9688,9728,10483,10617,10729,11120,11472,12362,12444,12728,13594,13933,14303,14694,14846,15002,15270,15462,15944,15982,16018,16067,16298,17272,17967,18303,19120,20219,20671,21074,21245,21335,21738,22273,22453,22544,22855,23563,23694,24410,24451,25420,25829,26776,29649,31125,32235,32328,32568,32626,33316,33711,33887,34169,34197,34333,34717,35130,36256,36900,37698,38149,38979,39377,40348,40803,40853,41358,41501,42203,42891,44219,44729,45672,45865,46396,47077,50369,50410,50508,50745,51862,52310,52685,52870,53436,53772,53805,53938,54986,55220,56143,56512,57991,58591,59297,60642,60668,61056,61392,62823,62932,63306,63443,63607,65297,65994,67913,68373,68463,68797,70608,71068,71111,71232,72621,73771,74068,75034,75356,76634,76887,76954,77536,77561,77751,77809,78038,79018,79052,79563,79714,79793,80370,81501,82669,83745,84038,84887,85272

max_depth = 10
539,1620,1824,2419,5241,6261,6335,6746,6979,6991,7239,7532,7984,8070,8150,8463,9688,9728,10483,10617,10754,11120,11490,12444,12728,13594,13933,14303,14694,14846,15002,15270,15462,15944,15982,16018,16067,16298,16952,17272,17967,18245,18303,19120,19522,20219,20671,21074,21335,21738,22273,22453,22544,23563,23694,24451,25302,25420,25829,26776,28709,29649,31125,31548,32235,32568,32626,33711,33887,34197,34333,34717,36256,36900,37698,38149,38979,39377,40348,40803,41501,42203,42847,42891,44219,45865,47077,48839,50410,50508,50745,51862,52310,52685,52870,53436,53638,53805,53938,54084,54986,55220,56143,56512,56858,57991,58108,58525,58591,59297,60642,60668,61392,62823,62932,63306,63607,63617,65297,65994,67891,67913,68373,68463,68797,69699,70608,71068,71111,71232,71689,72183,72459,72621,73771,74068,75034,75356,76634,76887,76954,77536,77561,77751,77809,78038,79018,79052,79563,79714,79793,80370,81501,82669,83745,84038,84887,85272


=======
logistic regression:
C = 5.0 
539,724,5241,5920,8070,8150,9728,10110,10483,10729,11120,12728,13594,14303,15462,15944,15982,16298,17272,17967,18303,20219,20671,21074,21335,21738,22273,22544,23563,24451,25420,25829,29649,30594,31125,32235,32568,32626,33887,34717,36256,36900,37698,38149,38979,39377,40348,40915,42089,42203,42891,45865,46396,47077,50024,50410,50745,50798,51862,52310,52685,52870,53436,54986,56143,56512,56858,57991,59297,59883,60642,60668,61392,62823,62932,63306,63607,65297,65451,65994,67913,68373,68463,68797,70608,71068,71111,72621,74068,76609,76634,76954,77536,77561,77751,78038,79018,79793,82669,83745,84038,84887,85272

C = 0.5 
539,724,5241,5920,8070,8150,9728,10110,10483,10729,11120,12728,13594,14303,15462,15944,15982,16298,17272,17967,18303,20219,20671,21074,21335,21738,22273,22544,23563,24451,25420,25829,29649,30594,31125,32235,32568,32626,33887,34717,36256,36900,37698,38149,38979,39377,40348,40915,42089,42203,42891,45865,46396,47077,50024,50410,50745,50798,51862,52310,52685,52870,53436,54986,56143,56512,56858,57991,59297,59883,60642,60668,61392,62823,62932,63306,63607,65297,65451,65994,67913,68373,68463,68797,70608,71068,71111,72621,74068,76609,76634,76954,77536,77561,77751,78038,79018,79793,82669,83745,84038,84887,85272

C = 0.05000000000000001 
539,724,5241,5920,8070,8150,9728,10110,10483,10729,11120,12728,13594,14303,15462,15944,15982,16298,17272,17967,18303,20219,20671,21074,21335,21738,22273,22544,23563,24451,25420,25829,29649,30594,31125,32235,32568,32626,33887,34717,36256,36900,37698,38149,38979,39377,40348,40915,42089,42203,42891,45865,47077,50024,50410,50745,50798,51862,52310,52685,52870,53436,54986,56143,56512,56858,57991,59297,59883,60642,60668,61392,62823,62932,63306,63607,65297,65451,65994,67913,68373,68463,68797,70608,71068,71111,72621,74068,76609,76634,76954,77536,77561,77751,78038,79018,79793,82669,83745,84038,84887,85272

C = 0.005000000000000001 
539,724,5241,5920,8070,8150,9728,10483,10729,11120,12728,13594,14303,15462,15982,16298,17272,17967,18303,20219,20671,21074,21335,22273,22544,24451,25420,25829,29649,30594,31125,32235,32568,32626,33887,34717,36256,36900,37698,38149,38979,39377,40348,40915,42089,42203,42891,45865,47077,50024,50410,50745,50798,51862,52310,52685,52870,53436,54986,56143,56512,57991,59297,59883,60668,61392,62823,62932,63306,63607,65297,65451,67913,68373,68463,68797,70608,71068,71111,72621,74068,76609,76634,76954,77536,77561,77751,78038,79018,79793,82669,83745,84038,84887,85272

C = 0.0005000000000000001 
539,724,3341,5241,5920,8070,9728,10483,11120,12444,12728,13594,14303,15982,16298,17272,18303,20219,20671,21074,21335,25420,25829,29649,30594,31125,32235,32568,33887,34717,36256,36900,37698,39377,40348,40915,42089,42203,42891,47077,50024,50745,50798,51862,52310,52685,52870,53436,54986,56143,56512,59297,59883,61392,63306,63607,65260,65297,65451,67913,68373,68463,68797,70608,71068,71111,74068,76609,76634,76954,77536,77751,78038,79018,79563,82669,83745,84038,84887,85272

=======
random forest:
max_depth = 1
539,724,3341,5241,5920,8070,9728,10483,11120,12444,12728,14303,15982,16298,17272,18303,20671,21335,25829,29649,30594,31125,32235,32568,33887,34717,36256,36900,39377,40915,42089,42203,42891,47077,50024,50745,50798,52310,52685,52870,53436,54986,56143,56512,57991,59297,59883,60668,61392,63607,65260,65297,65451,67913,68373,68463,68797,70608,71111,74068,76609,76954,77536,79018,79563,82669,84038,84887,85272

max_depth = 2
539,724,3341,5241,5920,8070,8150,9728,10483,10729,11120,12444,12728,13594,14303,15982,16298,17272,17967,18303,20219,20671,21074,21335,21738,22273,24451,25420,25829,29649,30594,31125,32235,32568,32626,33887,34717,36256,36900,37698,38149,38979,39377,40348,40915,42089,42203,42891,45865,47077,50024,50410,50508,50745,50798,51862,52310,52685,52870,53436,54986,56143,56512,57991,59297,59883,60668,61392,63306,63607,65260,65297,65451,67913,68373,68463,68797,70608,71068,71111,72621,74068,76609,76634,76954,77536,77751,78038,79018,79563,82669,83745,84038,84887,85272

max_depth = 3
539,724,3341,5241,5920,8070,8150,9728,10483,10729,11120,12444,12728,13594,14303,15462,15982,16067,16298,17272,17967,18303,20219,20671,21074,21335,21738,22273,24451,25420,25829,28709,29649,30594,31125,32235,32568,32626,33316,33887,34717,36256,36900,37698,38149,38979,39377,40326,40348,40915,42089,42203,42891,45865,46151,47077,48839,50024,50410,50508,50745,50798,51862,52310,52685,52870,53436,54986,56143,56512,57991,59297,59883,60668,61392,63306,63607,65260,65297,65451,67913,68373,68463,68797,70608,71068,71111,72621,74068,75356,76609,76634,76954,77536,77561,77751,78038,79018,79563,79793,82669,83745,84038,84887,85272

max_depth = 4
539,724,3341,5241,5920,8070,8150,9688,9728,10483,10617,10729,11120,12444,12728,13594,13933,14303,15462,15753,15944,15982,16067,16298,17272,17967,18303,20219,20671,21074,21335,21738,22273,24451,25420,25829,28709,29649,31125,32235,32568,32626,33316,33887,34717,36256,36900,37698,38149,38979,39377,40326,40348,40915,42203,42891,45865,46151,47077,48839,50024,50410,50508,50745,50798,51862,52310,52685,52870,53436,54986,56143,56512,57991,59297,59883,60642,60668,61392,62932,63306,63607,65260,65297,65451,67913,68373,68463,68797,70608,71068,71111,72621,74068,75356,76609,76634,76954,77536,77561,77751,77809,78038,79018,79563,79793,80370,82669,83745,84038,84887,85272

max_depth = 5
539,724,3341,5241,8070,8150,9688,9728,10483,10617,10729,11120,12444,12728,13594,13933,14303,15002,15270,15462,15944,15982,16067,16298,17272,17967,18303,20219,20671,21074,21335,21738,22273,22544,24451,25420,25829,28709,29649,31125,32235,32568,32626,33316,33887,34197,34717,36256,36900,37698,38149,38979,39377,40348,42203,42891,45865,47077,48839,50410,50508,50745,51862,52310,52685,52870,53436,53805,53938,54986,56143,56512,57991,59297,59883,60642,60668,61392,62823,62932,63306,63607,65260,65280,65297,65994,67913,68373,68463,68797,70608,71068,71111,72621,74068,75356,76634,76954,77536,77561,77751,78038,79018,79563,79714,79793,80370,82669,83745,84038,84887,85272

max_depth = 6
539,5241,5531,8070,8150,9688,9728,10483,10617,10729,11120,12362,12444,12728,13594,13933,14303,14694,15002,15270,15462,15944,15982,16067,16298,17272,17967,18303,19120,20219,20671,21074,21335,21738,22273,22544,24451,25420,25829,28709,29649,31125,32235,32568,32626,33316,33887,34197,34717,36256,36900,37698,38149,38979,39377,40326,40348,40803,40915,42203,42891,45865,47077,48839,50410,50508,50745,51862,52310,52685,52870,53436,53805,53938,54986,56143,56512,57991,59297,59883,60642,60668,61392,62823,62932,63306,63607,65280,65297,65994,67913,68373,68463,68797,70608,71068,71111,72621,74068,75356,76634,76954,77561,77751,77809,78038,79018,79563,79714,79793,80370,82669,83745,84038,84887,85272

max_depth = 7
539,5241,5531,8070,8150,9688,9728,10483,10617,10729,11120,12362,12444,12728,13594,13933,14303,14694,15002,15270,15462,15944,16067,16298,17272,17967,18303,19120,20219,20671,21074,21335,21738,22273,22544,23563,24451,25420,25829,28709,29649,31125,32235,32568,32626,33316,33887,34197,34717,36256,36900,37698,38149,38979,39377,40326,40348,40803,40915,42203,42891,45865,47077,48839,50410,50508,50745,51862,52310,52685,52870,53436,53805,53938,54986,56143,56512,57991,59297,59883,60642,60668,61392,62823,62932,63306,63607,65280,65297,65994,67913,68373,68463,68797,70608,71068,71111,72621,73771,74068,75356,76634,76954,77561,77751,77809,78038,79018,79563,79714,79793,80370,82669,83745,84038,84887,85272

max_depth = 8
539,5241,5531,8070,8150,9688,9728,10483,10617,10729,11120,12362,12444,12728,13594,13933,14303,14694,15002,15270,15462,15944,16067,16298,17272,17967,18303,19120,20219,20671,21074,21335,21738,22273,22544,24451,25420,25829,28709,29649,31125,32235,32568,32626,33316,33887,34197,34717,36256,36900,37698,38149,38979,39377,40326,40348,40803,40915,42203,42891,45865,47077,48839,50410,50508,50745,51862,52310,52685,52870,53436,53805,53938,54986,56143,56512,57991,59297,59883,60642,60668,61392,62823,62932,63306,63607,65280,65297,65994,67913,68373,68463,68797,70608,71068,71111,72621,73771,74068,75356,76634,76954,77561,77751,77809,78038,79018,79563,79714,79793,80370,82669,83745,84038,84887,85272

max_depth = 9
539,3341,5241,5531,8070,8150,9688,9728,10483,10617,10729,11120,12362,12444,12728,13594,13933,14303,14694,15002,15270,15462,15944,16067,16298,17272,17967,18303,19120,20219,20671,21074,21335,21738,22273,22544,23563,24451,25420,25829,28709,29649,31125,32235,32568,32626,33316,33887,34197,34717,36256,36900,37698,38149,38979,39377,40326,40348,40803,40915,42203,42891,45865,46396,47077,48839,50410,50508,50745,51862,52310,52685,52870,53436,53805,53938,54986,56143,56512,57991,59297,59883,60642,60668,61392,62823,62932,63306,63607,65280,65297,65994,67913,68373,68463,68797,70608,71068,71111,72621,73771,74068,75356,76634,76954,77561,77751,77809,78038,79018,79563,79714,79793,80370,82669,83745,84038,84887,85272

max_depth = 10
539,5241,5531,8070,8150,9688,9728,10483,10617,10729,11120,12362,12444,12728,13594,13933,14303,14694,15002,15270,15462,15944,16067,16298,17272,17967,18303,19120,20219,20671,21074,21335,21738,22273,22544,23563,24451,25420,25829,28709,29649,31125,32235,32568,33316,33887,34197,34717,36256,36900,37698,38149,38979,39377,40326,40348,40803,40915,42203,42891,45865,46396,47077,48839,50410,50508,50745,51862,52310,52685,52870,53436,53805,53938,54986,56143,56512,57991,59297,59883,60642,60668,61056,61392,62823,62932,63306,63607,65280,65297,65994,67913,68373,68463,68797,70608,71068,71111,71232,72621,73771,74068,75356,76634,76954,77561,77751,77809,78038,79018,79563,79714,79793,80370,82669,83745,84038,84887,85272

